               /--visage: [ 11, 27, 35, 41 ]      
               |            
            /--vieux: [ 10, 26, 34 ]         
            |               
         /--veux: [ 11, 27, 35, 41 ]            
         |  |               
         |  |  /--va: [ 1, 4, 5, 6, 7, 8, 12, 14, 17, 20, 21, 24, 28, 30, 32, 36, 38, 40, 42, 44, 46, 47 ]      
         |  |  |            
         |  \--une: [ 9, 21, 25, 33 ]         
         |     |            
         |     \--un: [ 9, 10, 13, 25, 26, 29, 33, 34, 37, 43 ]      
         |                  
      /--tu: [ 4, 20 ]               
      |  |                  
      |  |     /--train: [ 10, 26, 34 ]      
      |  |     |            
      |  |  /--toutes: [ 19 ]         
      |  |  |  |            
      |  |  |  \--toujours: [ 15, 31, 39, 45 ]      
      |  |  |               
      |  \--toucher: [ 1 ]            
      |     |               
      |     |  /--ton: [ 11, 27, 35, 41 ]      
      |     |  |            
      |     \--tellement: [ 4 ]         
      |        |            
      |        \--sur: [ 9, 13, 25, 29, 33, 37, 43 ]      
      |                     
   /--separer: [ 2 ]                  
   |  |                     
   |  |     /--se: [ 2, 3, 14, 18, 19, 23, 30, 38, 44 ]         
   |  |     |               
   |  |  /--saisons: [ 6 ]            
   |  |  |  |               
   |  |  |  \--rever: [ 6 ]         
   |  |  |                  
   |  \--retrouver: [ 3 ]               
   |     |                  
   |     |  /--rechauffer: [ 18 ]         
   |     |  |               
   |     \--quitter: [ 7 ]            
   |        |               
   |        |        /--que: [ 20 ]
   |        |        |      
   |        |     /--prison: [ 7 ]   
   |        |     |  |      
   |        |     |  \--pour: [ 22 ]
   |        |     |         
   |        |  /--pont: [ 13, 29, 37, 43 ]      
   |        |  |  |         
   |        |  |  \--plus: [ 15, 31, 39, 45 ]   
   |        |  |            
   |        \--peau: [ 14, 30, 38, 44 ]         
   |           |            
   |           |  /--partir: [ 21 ]   
   |           |  |  |      
   |           |  |  \--oui: [ 46 ]
   |           |  |         
   |           \--ou: [ 9, 10, 11, 16, 25, 26, 27, 32, 33, 34, 35, 40, 41, 46 ]      
   |              |         
   |              \--oreiller: [ 9, 25, 33 ]   
   |                        
/--on: [ 1, 4, 5, 6, 7, 8, 12, 14, 17, 20, 21, 24, 28, 30, 32, 36, 38, 40, 42, 44, 46, 47 ]                     
|  |                        
|  |           /--oh: [ 16, 41 ]      
|  |           |            
|  |        /--nos: [ 2 ]         
|  |        |  |            
|  |        |  \--nee: [ 27 ]      
|  |        |               
|  |     /--ne: [ 11, 35, 41 ]            
|  |     |  |               
|  |     |  |  /--murs: [ 7 ]      
|  |     |  |  |            
|  |     |  \--murmurer: [ 19 ]         
|  |     |     |            
|  |     |     |  /--marches: [ 17 ]   
|  |     |     |  |         
|  |     |     \--maison: [ 5 ]      
|  |     |        |         
|  |     |        \--les: [ 3, 5 ]   
|  |     |                  
|  |  /--le: [ 1, 13, 29, 37, 43 ]               
|  |  |  |                  
|  |  |  |  /--la: [ 5, 14, 30, 38, 44 ]         
|  |  |  |  |               
|  |  |  \--jeter: [ 5 ]            
|  |  |     |               
|  |  |     \--je: [ 11, 27, 35, 41 ]         
|  |  |        |            
|  |  |        \--ile: [ 21 ]      
|  |  |                     
|  \--hirondelles: [ 3 ]                  
|     |                     
|     |     /--haute: [ 31 ]         
|     |     |               
|     |  /--haut: [ 15, 39, 45 ]            
|     |  |                  
|     \--habit: [ 22 ]               
|        |                  
|        |     /--greniere: [ 34 ]      
|        |     |            
|        |  /--grenier: [ 10, 26 ]         
|        |  |  |            
|        |  |  \--fragile: [ 22 ]      
|        |  |               
|        \--fond: [ 10, 26, 34 ]            
|           |               
|           \--etoile: [ 9, 25, 33 ]         
|              |            
|              \--est: [ 11, 16, 27, 32, 35, 40, 41, 46 ]      
|                           
es: [ 4 ]                        
|                           
|           /--envoler: [ 15, 31, 39, 45 ]         
|           |  |            
|           |  \--encore: [ 23 ]      
|           |               
|        /--eglises: [ 17 ]            
|        |  |               
|        |  |  /--dises: [ 20 ]      
|        |  |  |            
|        |  \--des: [ 17, 18 ]         
|        |     |            
|        |     \--decouvrir: [ 11, 22, 23, 27, 35, 41 ]      
|        |                  
|     /--de: [ 7 ]               
|     |  |                  
|     |  |  /--dans: [ 10, 13, 26, 29, 34, 37, 43 ]         
|     |  |  |               
|     |  \--comme: [ 3 ]            
|     |     |               
|     |     |  /--coeur: [ 18 ]      
|     |     |  |            
|     |     \--cles: [ 5 ]         
|     |                     
|  /--ciel: [ 1 ]                  
|  |  |                     
|  |  |  /--ces: [ 7, 19 ]            
|  |  |  |                  
|  |  \--brxler: [ 2, 14, 30, 38, 44 ]               
|  |     |                  
|  |     |  /--bout: [ 21 ]         
|  |     |  |               
|  |     \--betises: [ 19 ]            
|  |                        
\--belle: [ 4 ]                     
   |                        
   |        /--beau: [ 16, 32, 40, 46 ]         
   |        |               
   |     /--bateaue: [ 29 ]            
   |     |  |               
   |     |  \--bateau: [ 13, 37, 43 ]         
   |     |     |            
   |     |     \--banquises: [ 18 ]      
   |     |                  
   |  /--avion: [ 13, 29, 37, 43 ]               
   |  |  |                  
   |  |  |  /--aux: [ 17 ]         
   |  |  |  |               
   |  |  \--autres: [ 6 ]            
   |  |                     
   \--au: [ 10, 18, 21, 26, 34 ]                  
      |                     
      |     /--amoureux: [ 23 ]         
      |     |               
      |  /--amour: [ 11, 16, 27, 32, 35, 40, 41, 46 ]            
      |  |                  
      \--aimer: [ 1, 4, 8, 12, 14, 17, 20, 24, 28, 30, 32, 36, 38, 40, 42, 44, 46, 47 ]               
         |                  
         |  /--aime: [ 20 ]         
         |  |               
         \--ailes: [ 2 ]            
            |               
            \--a: [ 1, 2, 6, 14, 15, 30, 31, 38, 39, 44, 45 ]         
                            
