                  /--vulputate: [ 19, 38 ]   
                  |         
               /--volutpat: [ 60, 63 ]      
               |  |         
               |  \--vivamus: [ 19, 23, 33, 35, 59 ]   
               |            
            /--vitae: [ 10, 34, 37, 41, 46, 50 ]         
            |  |            
            |  \--vestibulum: [ 5, 32, 48, 50 ]      
            |     |         
            |     \--venenatis: [ 55 ]   
            |               
         /--velit: [ 2, 4, 44, 46, 59 ]            
         |  |               
         |  |     /--vel: [ 6, 14, 21, 45, 49, 64 ]   
         |  |     |         
         |  |  /--vehicula: [ 41, 56, 70 ]      
         |  |  |  |         
         |  |  |  \--varius: [ 21, 26, 69 ]   
         |  |  |     |      
         |  |  |     \--ut: [ 13, 19, 43, 46, 49, 57 ]
         |  |  |            
         |  \--urna: [ 7, 9, 14, 26 ]         
         |     |            
         |     |     /--ultricies: [ 29, 43 ]
         |     |     |      
         |     |  /--ultrices: [ 28, 58 ]   
         |     |  |         
         |     \--ullamcorper: [ 21 ]      
         |        |         
         |        \--turpis: [ 16, 21, 59, 70 ]   
         |                  
      /--tristique: [ 14, 19 ]               
      |  |                  
      |  |        /--tortor: [ 9 ]   
      |  |        |         
      |  |     /--torquent: [ 65 ]      
      |  |     |  |         
      |  |     |  \--tincidunt: [ 4, 15, 31, 36, 54, 64 ]   
      |  |     |            
      |  |  /--tempus: [ 10, 33, 42, 51, 63 ]         
      |  |  |  |            
      |  |  |  |  /--tempor: [ 24, 48 ]   
      |  |  |  |  |         
      |  |  |  \--tellus: [ 11 ]      
      |  |  |     |         
      |  |  |     |  /--taciti: [ 65 ]
      |  |  |     |  |      
      |  |  |     \--suspendisse: [ 18 ]   
      |  |  |        |      
      |  |  |        \--suscipit: [ 10, 28, 29, 30 ]
      |  |  |               
      |  \--sodales: [ 2 ]            
      |     |               
      |     |        /--sociosqu: [ 65 ]
      |     |        |      
      |     |     /--sit: [ 1, 2, 8, 25, 36, 45 ]   
      |     |     |         
      |     |  /--semper: [ 35, 56, 59 ]      
      |     |  |  |         
      |     |  |  |  /--sem: [ 52 ]
      |     |  |  |  |      
      |     |  |  \--sed: [ 6, 16, 22, 25, 26, 28, 30, 33, 34, 42, 46, 52, 69 ]   
      |     |  |            
      |     \--scelerisque: [ 2, 4, 6, 57, 68 ]         
      |        |            
      |        |     /--sagittis: [ 20 ]
      |        |     |      
      |        |  /--rutrum: [ 8, 63, 69 ]   
      |        |  |  |      
      |        |  |  \--risus: [ 69 ]
      |        |  |         
      |        \--rhoncus: [ 7, 32, 54 ]      
      |           |         
      |           |  /--quisque: [ 55, 67, 70 ]
      |           |  |      
      |           \--quis: [ 9, 21, 38, 50, 58, 60, 70 ]   
      |                     
   /--quam: [ 9, 60 ]                  
   |  |                     
   |  |        /--purus: [ 43, 44 ]      
   |  |        |            
   |  |     /--pulvinar: [ 32, 48, 54, 61 ]         
   |  |     |  |            
   |  |     |  \--proin: [ 10, 60 ]      
   |  |     |     |         
   |  |     |     \--pretium: [ 12, 14, 17, 34 ]   
   |  |     |               
   |  |  /--praesent: [ 6, 28, 64 ]            
   |  |  |  |               
   |  |  |  |     /--posuere: [ 11, 15, 32, 66 ]   
   |  |  |  |     |         
   |  |  |  |  /--porttitor: [ 20, 34, 55, 68 ]      
   |  |  |  |  |  |         
   |  |  |  |  |  |  /--platea: [ 62 ]
   |  |  |  |  |  |  |      
   |  |  |  |  |  \--placerat: [ 17 ]   
   |  |  |  |  |     |      
   |  |  |  |  |     \--phasellus: [ 63 ]
   |  |  |  |  |            
   |  |  |  \--pharetra: [ 8, 23, 49, 57, 70 ]         
   |  |  |     |            
   |  |  |     |     /--per: [ 65 ]
   |  |  |     |     |      
   |  |  |     |  /--pellentesque: [ 2, 4, 12, 33, 40, 44, 51, 52, 60 ]   
   |  |  |     |  |         
   |  |  |     \--ornare: [ 42, 47, 50 ]      
   |  |  |        |         
   |  |  |        \--odio: [ 21 ]   
   |  |  |           |      
   |  |  |           \--nunc: [ 7, 12, 19, 40, 49, 59 ]
   |  |  |                  
   |  \--nullam: [ 2, 36, 47 ]               
   |     |                  
   |     |        /--nulla: [ 3, 24, 31, 48, 63, 66 ]   
   |     |        |         
   |     |     /--nostra: [ 65 ]      
   |     |     |            
   |     |  /--non: [ 14, 20, 34, 35, 39, 63 ]         
   |     |  |  |            
   |     |  |  |  /--nisl: [ 4, 9, 18, 33 ]   
   |     |  |  |  |         
   |     |  |  \--nisi: [ 3, 5, 25, 29 ]      
   |     |  |     |         
   |     |  |     \--nibh: [ 38, 49, 50, 51 ]   
   |     |  |        |      
   |     |  |        \--neque: [ 39 ]
   |     |  |               
   |     \--nec: [ 10, 27, 44, 59, 61, 70 ]            
   |        |               
   |        |  /--nam: [ 8 ]      
   |        |  |  |         
   |        |  |  \--morbi: [ 29, 39, 53, 61 ]   
   |        |  |            
   |        \--mollis: [ 8, 24, 52, 59 ]         
   |           |            
   |           |     /--molestie: [ 8, 12, 66 ]
   |           |     |      
   |           |  /--mi: [ 5, 14, 21, 40 ]   
   |           |  |  |      
   |           |  |  \--metus: [ 28, 46, 68 ]
   |           |  |         
   |           \--maximus: [ 23, 33 ]      
   |              |         
   |              \--mauris: [ 2, 38, 47, 57, 60 ]   
   |                 |      
   |                 \--mattis: [ 44, 47, 67 ]
   |                        
/--massa: [ 2, 33, 60 ]                     
|  |                        
|  |           /--malesuada: [ 13 ]      
|  |           |            
|  |        /--magna: [ 7, 13 ]         
|  |        |               
|  |     /--maecenas: [ 43, 51, 56 ]            
|  |     |  |               
|  |     |  \--luctus: [ 6, 28 ]         
|  |     |                  
|  |  /--lorem: [ 1, 38, 46, 69 ]               
|  |  |  |                  
|  |  |  |  /--lobortis: [ 60 ]         
|  |  |  |  |  |            
|  |  |  |  |  \--litora: [ 65 ]      
|  |  |  |  |               
|  |  |  \--ligula: [ 6, 10, 24, 28, 34, 51, 61 ]            
|  |  |     |               
|  |  |     \--libero: [ 7, 16, 36 ]         
|  |  |        |            
|  |  |        \--leo: [ 13, 47 ]      
|  |  |                     
|  \--lectus: [ 8, 36, 53, 69 ]                  
|     |                     
|     |  /--laoreet: [ 14, 56 ]            
|     |  |                  
|     \--lacus: [ 32, 42, 43, 44 ]               
|        |                  
|        \--lacinia: [ 7, 17, 31, 46 ]            
|           |               
|           \--justo: [ 33, 37 ]         
|                           
ipsum: [ 1, 7, 45, 54, 58 ]                        
|                           
|           /--interdum: [ 3, 8, 36 ]         
|           |               
|        /--integer: [ 20 ]            
|        |  |               
|        |  \--inceptos: [ 65 ]         
|        |                  
|     /--in: [ 6, 13, 17, 44, 49, 62, 66 ]               
|     |  |                  
|     |  \--id: [ 3, 18, 28, 44, 50, 53, 54, 59, 67, 68 ]            
|     |     |               
|     |     |     /--iaculis: [ 20, 30, 46 ]   
|     |     |     |  |      
|     |     |     |  \--himenaeos: [ 65 ]
|     |     |     |         
|     |     |  /--hendrerit: [ 39 ]      
|     |     |  |  |         
|     |     |  |  \--hac: [ 62 ]   
|     |     |  |     |      
|     |     |  |     \--habitasse: [ 62 ]
|     |     |  |            
|     |     \--gravida: [ 6, 49 ]         
|     |        |            
|     |        |     /--fusce: [ 34, 58 ]
|     |        |     |      
|     |        |  /--fringilla: [ 12, 31 ]   
|     |        |  |  |      
|     |        |  |  \--finibus: [ 47 ]
|     |        |  |         
|     |        \--feugiat: [ 9, 10 ]      
|     |           |         
|     |           \--fermentum: [ 11 ]   
|     |              |      
|     |              \--felis: [ 41, 67 ]
|     |                     
|  /--faucibus: [ 3, 18 ]                  
|  |  |                     
|  |  |        /--facilisis: [ 7, 9, 52 ]      
|  |  |        |            
|  |  |     /--ex: [ 31, 54, 56 ]         
|  |  |     |  |            
|  |  |     |  \--euismod: [ 21, 28, 30, 35, 48 ]      
|  |  |     |               
|  |  |  /--eu: [ 3, 11, 12, 24, 29, 43, 51, 56, 57 ]            
|  |  |  |  |               
|  |  |  |  |     /--etiam: [ 13, 41 ]   
|  |  |  |  |     |         
|  |  |  |  |  /--et: [ 5, 7, 16, 40, 50, 69 ]      
|  |  |  |  |  |  |         
|  |  |  |  |  |  \--est: [ 20, 50 ]   
|  |  |  |  |  |            
|  |  |  |  \--eros: [ 6, 13, 20, 27, 28 ]         
|  |  |  |     |            
|  |  |  |     \--erat: [ 8, 12, 20 ]      
|  |  |  |        |         
|  |  |  |        \--enim: [ 37 ]   
|  |  |  |                  
|  |  \--elit: [ 1, 35 ]               
|  |     |                  
|  |     |  /--elementum: [ 35, 66 ]         
|  |     |  |  |            
|  |     |  |  \--eleifend: [ 38 ]      
|  |     |  |               
|  |     \--eget: [ 5, 13 ]            
|  |        |               
|  |        |     /--efficitur: [ 68 ]   
|  |        |     |         
|  |        |  /--duis: [ 54 ]      
|  |        |  |  |         
|  |        |  |  \--dui: [ 8, 42, 49, 50, 64 ]   
|  |        |  |            
|  |        \--donec: [ 4, 11, 14, 15, 21, 27, 32, 45 ]         
|  |           |            
|  |           |  /--dolor: [ 1, 3, 7, 20 ]   
|  |           |  |         
|  |           \--dignissim: [ 11, 33, 56, 69 ]      
|  |              |         
|  |              \--dictumst: [ 62 ]   
|  |                        
\--dictum: [ 10, 22 ]                     
   |                        
   |           /--diam: [ 10, 32 ]      
   |           |            
   |        /--cursus: [ 44 ]         
   |        |  |            
   |        |  \--curabitur: [ 9 ]      
   |        |               
   |     /--cras: [ 7 ]            
   |     |  |               
   |     |  |  /--convallis: [ 19, 43, 45 ]      
   |     |  |  |            
   |     |  \--conubia: [ 65 ]         
   |     |     |            
   |     |     \--consequat: [ 7 ]      
   |     |                  
   |  /--consectetur: [ 1, 25 ]               
   |  |  |                  
   |  |  |     /--congue: [ 7, 38, 57 ]      
   |  |  |     |            
   |  |  |  /--condimentum: [ 22, 53 ]         
   |  |  |  |  |            
   |  |  |  |  \--commodo: [ 69 ]      
   |  |  |  |               
   |  |  \--class: [ 65 ]            
   |  |     |               
   |  |     \--blandit: [ 5 ]         
   |  |        |            
   |  |        \--bibendum: [ 13, 20, 27, 50 ]      
   |  |                     
   \--augue: [ 6, 44, 54, 55 ]                  
      |                     
      |     /--auctor: [ 9, 14, 43, 47, 48, 49, 61 ]         
      |     |               
      |  /--at: [ 2, 33, 55, 60, 61 ]            
      |  |  |               
      |  |  \--arcu: [ 15, 34 ]         
      |  |     |            
      |  |     |  /--aptent: [ 65 ]   
      |  |     |  |         
      |  |     \--ante: [ 34, 56 ]      
      |  |                  
      \--amet: [ 1, 2, 8, 25, 36, 45 ]               
         |                  
         |  /--aliquam: [ 5, 22, 24, 42, 43, 45, 51, 68 ]         
         |  |  |            
         |  |  \--aenean: [ 26, 37 ]      
         |  |               
         \--adipiscing: [ 1 ]            
            |               
            |     /--ad: [ 65 ]   
            |     |         
            |  /--accumsan: [ 7, 42 ]      
            |  |            
            \--ac: [ 4, 7, 24, 31, 52, 55 ]         
               |            
               \--a: [ 9, 21, 34, 36, 46, 54, 56, 59 ]      
                            
